Matrix = [[943.59704241   0.         945.56205452]
 [  0.         943.77801394 553.69717486]
 [  0.           0.           1.        ]]
Distortion = [[ 0.0844601   0.14927041  0.00159817 -0.00529614 -0.45558637]]
Rotation Vectors = (array([[ 0.17887181],
       [-0.19525984],
       [ 2.224272  ]]), array([[ 0.1887128 ],
       [-0.19817242],
       [ 2.22421228]]), array([[ 0.34005219],
       [-0.22327845],
       [ 2.21437934]]), array([[ 0.39102938],
       [-0.22080154],
       [ 2.176291  ]]), array([[ 0.1281243 ],
       [-0.1966634 ],
       [ 2.21791784]]), array([[-0.1590945 ],
       [-0.19983039],
       [ 2.18200552]]), array([[-0.1340511 ],
       [-0.16893228],
       [ 2.16963832]]), array([[0.05504186],
       [0.04586702],
       [2.10822367]]), array([[0.15832136],
       [0.19831882],
       [2.12230427]]), array([[0.30378111],
       [0.32982037],
       [2.06964775]]), array([[0.36758959],
       [0.33549149],
       [2.06684838]]), array([[0.09804478],
       [0.10052603],
       [2.13732874]]), array([[-0.07723961],
       [-0.0246311 ],
       [ 2.13675407]]), array([[-0.23948836],
       [-0.16396413],
       [ 2.11709121]]))
Translation Vectors = (array([[ 2.4337937 ],
       [-2.48685436],
       [13.51632847]]), array([[ 2.45146983],
       [-2.49630946],
       [13.50070583]]), array([[ 2.51912098],
       [-2.40573784],
       [12.91097081]]), array([[ 3.24758537],
       [-2.86354654],
       [12.50816729]]), array([[ 2.72398575],
       [-2.69106556],
       [13.91309798]]), array([[ 2.20243834],
       [-3.3392374 ],
       [15.58863594]]), array([[ 2.16491324],
       [-3.57707601],
       [15.52726322]]), array([[ 3.26965754],
       [-4.15717317],
       [13.77730614]]), array([[ 3.22235995],
       [-3.7034681 ],
       [12.60360732]]), array([[ 3.34078531],
       [-4.19160034],
       [10.76071685]]), array([[ 3.52901884],
       [-4.17024528],
       [10.2095846 ]]), array([[ 3.65387835],
       [-3.67404425],
       [13.10676005]]), array([[ 3.23657454],
       [-3.98288584],
       [14.57780077]]), array([[ 2.88389438],
       [-4.1670465 ],
       [16.22228982]]))
